201712  2.6277814712    2.4106252867    15.9855770184   7.5200512317    14.7278864349   10.2310099814   8.0300485318
252013  2.6862923978    2.497579502     16.494257523    7.621672347     16.7177112715   10.3535056384   7.3190138788
302618  2.8582733506    2.448077169     14.9795716182   7.8959149657    11.2471797677   11.2487179009   8.1786995941
353054  2.679842536     2.5421372132    14.6206654936   7.6600006058    11.1109951727   12.3692576697   7.5159275894
402863  2.7128878175    2.3532385048    13.1869016167   7.5130935102    11.3230796334   10.7321892393   8.3694197478
454182  2.7633450688    1.817503149     9.8760099813    7.2750271351    9.5507993082    11.5983303392   7.1890940353
503852  2.6863030616    1.9422498643    7.8210672473    7.4246341557    10.1291687952   9.6958326681    6.4610801273
553962  2.7107175104    2.4980664109    10.6463904286   7.148191251     9.9957370806    9.9876879071    6.9302293472
604454  2.8175394135    1.5170004275    6.0861974164    7.1715029136    9.8865238941    10.208860296    7.416895863
655224  2.6582331403    1.428364042     5.6171463518    7.0845419223    10.1701439322   8.9117971533    6.2150273853
705120  2.729064137     2.3985393494    10.1805549412   6.6440813714    12.6063977492   9.6669069024    7.3057694858
755413  2.688856747     2.2084878872    8.4630948783    6.548261676     11.9303870306   9.6534014597    6.4671664203
806110  2.646620951     1.956328603     6.9822596867    6.6095450551    10.7950206553   8.8365875242    6.2577084669
